0 0.7928395061728395 0.7224711907810499 0.23753086419753086 0.3066581306017926
0 0.40641975308641975 0.48655569782330343 0.291358024691358 0.36107554417413573
0 0.14592592592592593 0.6955825864276568 0.2276543209876543 0.27208706786171577
0 0.765679012345679 0.3998079385403329 0.17037037037037037 0.20550576184379002
0 0.5702962962962963 0.2508578745198463 0.03275555555555555 0.05654289372599231
0 0.6344839506172839 0.3086235595390525 0.045046913580246914 0.05735595390524968
0 0.6411308641975308 0.24664532650448143 0.03979753086419753 0.052496798975672214
0 0.7008246913580247 0.24765685019206143 0.04279506172839506 0.05526888604353393
1 0.5104938271604939 0.35251600512163894 0.011111111111111112 0.024807938540332905
0 0.508641975308642 0.31850192061459665 0.03209876543209877 0.03841229193341869
0 0.5542913580246914 0.5433930857874519 0.10822222222222222 0.18078104993597952
0 0.703116049382716 0.2928040973111396 0.021377777777777777 0.026882202304737517
0 0.2707259259259259 0.36705505761843793 0.1661037037037037 0.2167349551856594