0 0.26393188854489164 0.38490367775831874 0.24400154798761609 0.2641155866900175
1 0.8827863777089783 0.8187915936952714 0.09277863777089784 0.17501751313485114
1 0.8742105263157894 0.4903677758318739 0.15286377708978327 0.09128721541155867
1 0.5689860681114551 0.5043782837127846 0.12151702786377709 0.1725043782837128
1 0.5271362229102167 0.9153940455341507 0.19359133126934985 0.09106830122591944
0 0.1784597523219814 0.6263660245183887 0.20424148606811146 0.2142031523642732
1 0.7328250773993807 0.7522416812609457 0.13109907120743033 0.15049912434325743
1 0.32710526315789473 0.7552539404553416 0.16002321981424147 0.15674255691768826
1 0.0793343653250774 0.8655341506129598 0.15092879256965944 0.1025569176882662
1 0.3020046439628483 0.12828371278458844 0.11348297213622291 0.22109457092819615
1 0.6304179566563467 0.29033274956217164 0.06424148606811146 0.14086690017513134
0 0.6157585139318885 0.3309369527145359 0.080812693498452 0.08156742556917689
1 0.8339938080495356 0.8277495621716287 0.041130030959752324 0.07555166374781086
1 0.7921362229102168 0.795183887915937 0.0754876160990712 0.07281085814360772
1 0.7355263157894737 0.5304816112084063 0.07839009287925697 0.1116812609457093
1 0.32904798761609905 0.5403415061295972 0.06774767801857585 0.08759194395796847