0 0.2875 0.3945857260049221 0.2173076923076923 0.27071369975389664
0 0.8717692307692307 0.3207054963084495 0.07953846153846154 0.09197703035274815
0 0.13453846153846152 0.6421328958162428 0.1860448717948718 0.21940935192780966
0 0.8288461538461539 0.5385726004922067 0.04230769230769231 0.058211648892534856
0 0.8926282051282052 0.5931091058244463 0.051923076923076926 0.05578342904019688
0 0.7568333333333334 0.5928794093519278 0.04659615384615384 0.056972928630024615
1 0.7491474358974359 0.5121328958162428 0.12907051282051282 0.09304347826086956
1 0.5669871794871795 0.5231911402789171 0.1268269230769231 0.16936833470057425
1 0.677551282051282 0.7529696472518458 0.12764102564102564 0.14063986874487283
1 0.7831153846153847 0.8136915504511895 0.07776282051282052 0.16588187038556193
1 0.6895512820512821 0.8240935192780968 0.07117307692307692 0.06732567678424937
1 0.548275641025641 0.9197785069729286 0.15275641025641026 0.09747333880229696
1 0.3613717948717949 0.7667842493847417 0.10735897435897435 0.15453650533223953
1 0.0921794871794872 0.8892698933552091 0.1561153846153846 0.0971780147662018
1 0.47589102564102564 0.30980311730926985 0.05077564102564102 0.13675963904840033
1 0.34744230769230766 0.1401312551271534 0.0849871794871795 0.22047579983593107
1 0.2035 0.20098441345365053 0.04222435897435898 0.10992616899097621
0 0.7443076923076922 0.5508039376538145 0.04048717948717948 0.03329778506972929
1 0.2133846153846154 0.5390401968826908 0.06766666666666667 0.10824446267432321