0 0.13740820734341253 0.38636363636363635 0.1317278617710583 0.22629310344827586
0 0.9024233261339093 0.25789968652037615 0.07074730021598272 0.10802507836990596
0 0.752950323974082 0.2799294670846395 0.06126997840172786 0.09844827586206897
0 0.10978833693304535 0.5998432601880878 0.10931317494600432 0.18484326018808778
0 0.7344362850971923 0.5631896551724138 0.03352483801295896 0.058894984326018814
0 0.719304535637149 0.506332288401254 0.033533477321814255 0.06257836990595611
0 0.8407257019438444 0.565180250783699 0.03949892008639309 0.0624294670846395
1 0.16730021598272138 0.7096238244514107 0.09003887688984881 0.14030564263322884
1 0.44519654427645794 0.7439968652037617 0.041576673866090715 0.06467868338557994
1 0.48259179265658747 0.4775705329153605 0.08497624190064795 0.08130877742946709
1 0.47952051835853127 0.7689341692789968 0.049257019438444925 0.1549294670846395
1 0.39292008639308856 0.7093025078369907 0.06745572354211662 0.13268025078369908
1 0.2716371490280778 0.8464420062695924 0.10665658747300216 0.06848746081504702
1 0.046207343412527 0.8026175548589343 0.07464362850971923 0.08755485893416928
1 0.19923974082073434 0.2249373040752351 0.0356414686825054 0.10113636363636365
1 0.1518963282937365 0.1665752351097179 0.06337796976241901 0.19087774294670848
1 0.366341252699784 0.2995846394984326 0.038876889848812095 0.12502351097178682
1 0.2967084233261339 0.4923354231974922 0.05669546436285097 0.15365203761755486
0 0.32983585313174946 0.661833855799373 0.03495464362850972 0.04982758620689655
1 0.19949892008639308 0.5080407523510971 0.036453563714902805 0.10101880877742947
0 0.39575377969762415 0.3365752351097179 0.03845356371490281 0.07700626959247649
1 0.4189762419006479 0.4976175548589342 0.046440604751619874 0.07565047021943573
0 0.7922419006479482 0.5060266457680251 0.02306695464362851 0.058894984326018814